11.789961 9.058710 -> 4.849121 2.128743
3.397207 8.878997 -> 4.849052 2.128843
13.824786 10.049988 -> 4.849147 2.127794
2.490650 8.778272 -> 4.849000 2.128703
10.383979 9.855004 -> 4.849125 2.128601
8.301966 10.753178 -> 4.849119 2.128800
13.441923 10.143740 -> 4.849153 2.127565
7.387157 10.260063 -> 4.849150 2.127656
13.665678 9.745893 -> 4.849150 2.127665
6.066839 9.445610 -> 4.849149 2.127587
6.547803 10.177761 -> 4.849146 2.127766
7.710392 9.461622 -> 4.849136 2.128143
17.395079 10.274622 -> 4.849143 2.127930
14.264477 10.915087 -> 4.849137 2.128112
13.391297 11.720836 -> 4.849151 2.127631
7.008418 8.624819 -> 4.849115 2.128831
15.870872 8.574166 -> 4.849113 2.129061
11.838632 11.144285 -> 4.849142 2.127956
8.917096 9.965794 -> 4.849121 2.128756
10.662126 8.110075 -> 4.849125 2.128570
8.818790 8.568539 -> 4.849140 2.128021
8.657025 10.942290 -> 4.849140 2.128031
9.708747 11.091774 -> 4.849127 2.128495
11.793942 11.731910 -> 4.849141 2.128001
8.278754 10.847697 -> 4.849116 2.128922
10.924596 10.903716 -> 4.849126 2.128558
12.052115 11.061732 -> 4.849136 2.128150
0.530509 9.611804 -> -3.685832 6.013658
10.520101 7.776092 -> 4.849132 2.128338
11.022302 10.555764 -> 4.849126 2.128537
12.094614 9.517485 -> 4.849148 2.127758
10.520509 9.498395 -> 4.849130 2.128382
9.528659 10.346521 -> 4.849157 2.127459
8.829240 9.992253 -> 4.849125 2.128563
11.909229 10.940206 -> 4.849141 2.127987
7.830692 11.234724 -> 4.849127 2.128493
13.589996 11.171887 -> 4.849149 2.127723
7.830129 11.043663 -> 4.849135 2.128200
14.483107 10.669317 -> 4.849134 2.128235
7.322455 9.790440 -> 4.849134 2.128201
10.275402 10.163887 -> 4.849121 2.128761
8.872764 10.125524 -> 4.849114 2.129036
12.117029 9.091783 -> 4.849153 2.127572
11.590805 10.849986 -> 4.849151 2.127659
12.627139 9.373658 -> 4.849132 2.128317
12.303258 10.128263 -> 4.849135 2.128204
8.610060 11.727913 -> 4.849119 2.128818
15.700193 11.248240 -> 4.849115 2.128990
19.484729 8.595488 -> 4.849117 2.128914
7.609079 9.474766 -> 4.849140 2.127990
4.319214 12.064853 -> 4.849151 2.127485
9.256918 10.254729 -> 4.849131 2.128351
0.416021 11.349103 -> -3.685143 6.013122
10.462547 9.848668 -> 4.849120 2.128788
11.057184 11.129715 -> 4.849118 2.128863
10.443236 11.065971 -> 4.849143 2.127925
8.171746 12.693904 -> 4.849122 2.128704
5.604085 10.455007 -> 4.849115 2.128751
13.238765 10.311396 -> 4.849157 2.127457
8.627720 9.369535 -> 4.849135 2.128185
7.398287 12.709128 -> 4.849155 2.127496
3.713589 9.936471 -> 4.849106 2.128221
12.143448 8.868683 -> 4.849156 2.127468
2.899254 8.968123 -> 4.849024 2.128880
4.232153 9.206888 -> 4.849131 2.127683
4.982192 10.085519 -> 4.849146 2.127575
10.156313 10.238452 -> 4.849125 2.128576
0.859786 12.023749 -> -3.685318 6.013066
12.400601 9.197742 -> 4.849142 2.127968
16.330986 9.396751 -> 4.849154 2.127534
6.538636 9.073575 -> 4.849154 2.127454
4.666338 10.054187 -> 4.849094 2.129068
15.330033 9.169722 -> 4.849122 2.128714
9.931478 9.492916 -> 4.849123 2.128650
8.521922 10.185709 -> 4.849135 2.128196
12.213946 9.858205 -> 4.849140 2.128023
9.323122 10.780876 -> 4.849154 2.127540
4.868098 10.745613 -> 4.849124 2.128304
7.581363 10.445316 -> 4.849130 2.128385
14.149528 10.408160 -> 4.849140 2.128020
9.078564 10.601247 -> 4.849127 2.128484
6.741151 10.735630 -> 4.849156 2.127447
8.431384 9.413599 -> 4.849145 2.127843
7.008846 12.436615 -> 4.849132 2.128291
13.015191 10.037098 -> 4.849116 2.128966
5.263136 10.917837 -> 4.849105 2.129100
1.659327 10.067252 -> 4.848915 2.128443
4.701543 7.921669 -> 4.849112 2.128095
5.966248 10.543178 -> 4.849150 2.127617
9.840871 9.848879 -> 4.849158 2.127428
8.345638 11.334000 -> 4.849144 2.127889
10.801736 10.677657 -> 4.849134 2.128256
6.442389 9.894495 -> 4.849114 2.128859
5.047816 10.154286 -> 4.849142 2.127703
9.286685 9.994443 -> 4.849142 2.127959
-1.554771 9.895557 -> -3.691078 6.021385
11.920584 10.770254 -> 4.849142 2.127964
10.951216 9.091047 -> 4.849120 2.128802
3.176521 9.827112 -> 4.849104 2.127917
12.375359 8.872398 -> 4.849148 2.127759
3.776425 0.185316 -> 4.849334 2.122145
4.212345 2.447430 -> 4.848512 2.128004
3.520069 3.292241 -> 4.848881 2.127973
4.427151 1.281072 -> 4.849300 2.123021
6.367878 0.922916 -> 4.849516 2.122892
4.481573 3.703085 -> 4.849007 2.128818
6.066897 3.540780 -> 4.849237 2.128450
9.304176 3.559362 -> 4.849749 2.127729
4.098058 2.753862 -> 4.848812 2.128053
4.872290 4.226040 -> 4.849112 2.127820
6.270248 1.207200 -> 4.849703 2.122026
6.335481 2.831138 -> 4.849605 2.127869
8.096127 2.893977 -> 4.850300 2.126651
4.009247 2.762589 -> 4.848773 2.128092
4.928107 2.267911 -> 4.849472 2.129037
7.523098 2.411514 -> 4.850264 2.124588
4.705845 0.488214 -> 4.849394 2.122632
5.387241 4.198475 -> 4.849140 2.127812
6.715845 1.997590 -> 4.850071 2.123351
5.122502 1.573626 -> 4.849520 2.122469
6.431999 5.074344 -> 4.849169 2.127387
5.653172 4.611750 -> 4.849130 2.128349
7.563829 3.931598 -> 4.849267 2.127531
1.944162 0.613718 -> 4.849077 2.122781
4.231360 -0.745947 -> 4.849389 2.122522
8.148520 0.518259 -> 4.849573 2.122456
4.358828 0.034976 -> 4.849411 2.121828
3.641530 1.494354 -> 4.848863 2.122363
2.364450 2.541145 -> 4.847893 2.127242
4.459331 2.911958 -> 4.848924 2.128674
4.952678 3.429712 -> 4.849102 2.128241
2.638455 2.782979 -> 4.848047 2.128245
6.156880 2.262757 -> 4.850384 2.125310
3.821588 1.483048 -> 4.848955 2.122308
5.805029 2.834496 -> 4.849418 2.128108
4.277190 3.575329 -> 4.848988 2.128552
6.278331 4.015466 -> 4.849195 2.127622
6.004652 2.240271 -> 4.850256 2.125301
7.464921 4.382821 -> 4.849225 2.128257
6.244031 1.512163 -> 4.849620 2.123026
6.045428 1.986791 -> 4.850465 2.122950
4.242530 1.259197 -> 4.849267 2.122978
5.308608 3.562067 -> 4.849136 2.128523
4.058379 5.301967 -> 4.849003 2.129077
2.365207 -0.502468 -> 4.849278 2.122730
3.613485 3.686181 -> 4.848861 2.128790
8.081013 1.154628 -> 4.849741 2.121954
5.889114 2.925821 -> 4.849423 2.128480
5.695270 6.138743 -> 4.849119 2.128249
5.645257 4.182493 -> 4.849154 2.127806
8.101148 4.585947 -> 4.849237 2.128752
5.174682 1.986300 -> 4.850100 2.122764
3.570952 2.179587 -> 4.847914 2.125901
4.958713 6.596363 -> 4.849089 2.128571
2.818814 2.185964 -> 4.848272 2.125625
6.315718 2.473355 -> 4.850394 2.126977
5.131412 0.916429 -> 4.849513 2.121745
2.938369 2.651784 -> 4.848262 2.127665
3.812231 1.833728 -> 4.848303 2.123011
5.722683 2.602635 -> 4.849800 2.128648
4.604779 1.450356 -> 4.849328 2.122035
4.131254 3.111774 -> 4.849010 2.127576
5.963201 4.502360 -> 4.849150 2.128240
3.297088 6.332201 -> 4.849044 2.128159
5.369479 0.412898 -> 4.849473 2.122335
4.227133 3.428882 -> 4.848994 2.128247
4.473667 4.612641 -> 4.849068 2.128255
3.475003 3.676096 -> 4.848834 2.128775
2.576789 1.803719 -> 4.848184 2.123800
4.749425 2.481082 -> 4.849006 2.128160
3.570757 0.958798 -> 4.849170 2.122103
4.650463 2.521656 -> 4.848900 2.128504
6.438377 2.441644 -> 4.850528 2.126532
4.320196 1.244823 -> 4.849285 2.122929
8.557599 -0.643828 -> 4.849543 2.122348
2.095609 3.933455 -> 4.848855 2.127642
6.025900 0.227548 -> 4.849582 2.121685
5.889045 2.386850 -> 4.850061 2.126703
2.754468 1.260234 -> 4.848930 2.122937
4.485026 5.561349 -> 4.849117 2.127562
4.026846 3.828581 -> 4.848923 2.129074
5.552546 4.837076 -> 4.849112 2.128631
4.431093 4.794658 -> 4.849055 2.128469
5.277466 4.195884 -> 4.849135 2.127803
6.084460 4.730740 -> 4.849142 2.128565
2.635133 1.929120 -> 4.848200 2.124415
4.037834 0.901181 -> 4.849282 2.121923
5.636753 2.704127 -> 4.849393 2.127593
1.677812 1.661764 -> 4.848515 2.124046
6.015990 1.612317 -> 4.849908 2.122026
5.646366 4.285365 -> 4.849148 2.127934
9.756256 3.281237 -> 4.851010 2.126696
6.257584 3.256899 -> 4.849300 2.127757
7.161181 3.331239 -> 4.849417 2.127770
4.995776 2.632617 -> 4.849180 2.127454
4.924333 2.925669 -> 4.849092 2.128687
4.659131 2.360263 -> 4.848653 2.128851
5.388047 4.394249 -> 4.849129 2.128051
7.349488 3.389437 -> 4.849435 2.127884
4.756042 4.704429 -> 4.849079 2.128381
7.827124 3.418832 -> 4.849505 2.127836
2.597517 2.991376 -> 4.848687 2.127383
7.310208 3.794046 -> 4.849364 2.129020
3.759401 0.661543 -> 4.849285 2.123011
5.208958 5.403307 -> 4.849138 2.127503
-3.099232 5.761290 -> -3.685369 6.013217
4.492538 1.976286 -> 4.848536 2.123201
5.496442 4.889210 -> 4.849107 2.128693
3.397913 5.033278 -> 4.848961 2.128748
3.074271 3.757359 -> 4.848735 2.128975
3.365178 5.075887 -> 4.848955 2.128801
4.783512 3.930568 -> 4.849123 2.127475
6.870890 2.186943 -> 4.851154 2.123370
5.483467 5.400523 -> 4.849143 2.127532
3.277649 4.437784 -> 4.848984 2.128058
8.312615 0.068978 -> 4.849669 2.121568
2.760963 1.227816 -> 4.848936 2.122841
5.020529 4.934094 -> 4.849081 2.128690
5.000576 0.924264 -> 4.849483 2.121816
5.216725 0.365793 -> 4.849462 2.122291
5.541727 4.425344 -> 4.849135 2.128101
2.641995 2.828992 -> 4.848041 2.128437
4.343709 3.320598 -> 4.849023 2.128018
3.444122 2.596018 -> 4.848546 2.127417
0.832868 2.133754 -> 4.847943 2.125669
3.605269 2.987906 -> 4.848928 2.127318
3.074018 3.770906 -> 4.848734 2.129003
6.336073 4.273693 -> 4.849181 2.127971
7.409363 1.422392 -> 4.849949 2.121567
6.053997 3.113763 -> 4.849292 2.127443
5.020697 4.189405 -> 4.849122 2.127783
6.472746 0.569006 -> 4.849587 2.122122
3.861760 2.189804 -> 4.848236 2.125985
-0.053132 0.824629 -> 4.848499 2.123263
4.010659 2.025765 -> 4.847323 2.124097
4.214962 3.507154 -> 4.848984 2.128410
3.849184 2.844035 -> 4.848690 2.128427
2.954201 4.120374 -> 4.848969 2.127722
4.478416 2.979571 -> 4.848919 2.128944
5.264961 3.647799 -> 4.849121 2.128709
8.692753 1.845045 -> 4.849697 2.122931
4.695241 2.777767 -> 4.849039 2.128107
6.284523 2.318133 -> 4.850467 2.125635
5.228626 2.635194 -> 4.849264 2.127413
7.939738 3.845422 -> 4.849297 2.127383
4.799520 5.225392 -> 4.849054 2.129042
6.424444 3.739462 -> 4.849258 2.128909
6.893432 3.861726 -> 4.849237 2.127424
6.244103 2.853682 -> 4.849566 2.128018
4.565913 3.435257 -> 4.849046 2.128258
6.822255 4.592236 -> 4.849182 2.128485
7.017802 2.176672 -> 4.850132 2.123958
3.528705 2.346753 -> 4.847814 2.127240
5.838190 -0.553918 -> 4.849472 2.122432
4.428744 1.517803 -> 4.849230 2.122421
4.385886 1.736686 -> 4.848961 2.122088
3.840710 4.399343 -> 4.849036 2.127996
5.822687 2.395396 -> 4.849997 2.126840
8.525133 1.885261 -> 4.849655 2.123223
4.534746 0.731156 -> 4.849351 2.123091
7.702672 1.496017 -> 4.849599 2.123136
3.716051 4.690786 -> 4.849010 2.128331
1.697776 1.027655 -> 4.848605 2.122084
6.868320 5.205684 -> 4.849170 2.127578
6.080652 0.056039 -> 4.849434 2.123071
5.261357 4.303277 -> 4.849128 2.127932
6.682098 1.016357 -> 4.849540 2.122897
4.254330 4.776544 -> 4.849045 2.128439
1.130059 2.001442 -> 4.848179 2.125139
4.155475 2.557102 -> 4.848420 2.128855
5.746992 6.716813 -> 4.849096 2.128954
4.247543 1.107626 -> 4.849292 2.122532
4.239350 1.783039 -> 4.848788 2.122530
5.382972 3.245818 -> 4.849182 2.127822
10.651433 3.802892 -> 4.850004 2.128286
1.211607 2.831469 -> 4.848084 2.127419
6.845028 5.008805 -> 4.849177 2.127390
2.631881 -0.978263 -> 4.849319 2.122227
5.130638 3.125893 -> 4.849161 2.127571
6.314818 0.536143 -> 4.849570 2.122153
5.937769 4.594028 -> 4.849143 2.128359
0.396144 1.358387 -> 4.847733 2.123363
1.351423 -0.186557 -> 4.849194 2.122974
6.898239 3.312579 -> 4.849382 2.127781
3.889559 2.921016 -> 4.848694 2.128734
6.535800 5.414407 -> 4.849157 2.127713
3.834862 3.656274 -> 4.848905 2.128722
4.325914 3.049661 -> 4.849048 2.127438
2.344754 4.646861 -> 4.848845 2.128442
2.254753 3.353503 -> 4.848532 2.128256
1.727326 4.048883 -> 4.848764 2.127900
2.741089 3.173033 -> 4.848709 2.127771
6.348796 5.190035 -> 4.849164 2.127474
6.223260 1.552410 -> 4.849606 2.123165
0.128544 4.110928 -> 4.848583 2.127740
3.806198 3.715938 -> 4.848894 2.128846
5.095737 5.357553 -> 4.849137 2.127456
1.049516 2.797483 -> 4.847973 2.127435
7.048253 1.484292 -> 4.849824 2.122236
4.439356 2.777315 -> 4.848943 2.128129
3.607944 -1.940366 -> 4.849356 2.123039
13.849092 -2.279842 -> 4.849518 2.122535
-1.302869 -0.045967 -> 4.848635 2.123468
16.136779 -1.924255 -> 4.849507 2.122630
-0.194295 -1.571938 -> 4.849213 2.123016
13.255160 -1.946864 -> 4.849457 2.123067
4.862857 -2.339116 -> 4.849409 2.122738
6.599626 -2.158893 -> 4.849487 2.122394
12.277633 -2.439603 -> 4.849536 2.122388
4.712204 -2.276549 -> 4.849401 2.122791
14.087461 -1.341894 -> 4.849527 2.122466
3.087879 -2.089628 -> 4.849347 2.122946
1.604947 -1.381385 -> 4.849273 2.121651
4.006921 -1.310967 -> 4.849415 2.121905
9.461841 -1.326201 -> 4.849507 2.122619
-3.813231 -1.773040 -> 4.847891 2.125236
-2.404732 -1.375410 -> 4.848232 2.122200
3.344397 -1.885010 -> 4.849347 2.123069
9.147211 -1.844298 -> 4.849507 2.122585
3.142641 -1.607314 -> 4.849383 2.121575
8.206190 -0.625814 -> 4.849505 2.122654
4.403006 -1.974153 -> 4.849380 2.122992
9.779509 -1.201777 -> 4.849536 2.122390
7.063921 -1.554202 -> 4.849482 2.122597
11.826480 -1.945322 -> 4.849467 2.122980
9.134573 -1.906594 -> 4.849510 2.122561
10.541195 -1.825623 -> 4.849482 2.122846
9.666339 -1.574354 -> 4.849550 2.122256
5.072862 -1.407839 -> 4.849491 2.121654
1.046870 -2.374247 -> 4.849295 2.122649
6.336825 -2.231955 -> 4.849474 2.122452
4.109573 -2.201516 -> 4.849379 2.122878
8.386651 -1.581726 -> 4.849616 2.121617
3.210036 -2.718526 -> 4.849369 2.122611
10.487382 -2.195169 -> 4.849492 2.122747
13.659839 -1.651214 -> 4.849489 2.122786
2.267564 -1.775535 -> 4.849317 2.123085
12.634945 -1.913811 -> 4.849569 2.122119
13.772141 -1.742339 -> 4.849502 2.122676
1.030868 -2.146539 -> 4.849289 2.122772
2.281382 -2.786002 -> 4.849345 2.122538
13.005054 -1.500132 -> 4.849611 2.121776
-2.512465 -1.651208 -> 4.848848 2.123375
3.374309 -1.635792 -> 4.849398 2.121554
8.480485 -1.253960 -> 4.849596 2.121827
3.768947 -2.412564 -> 4.849376 2.122772
8.248748 -1.993152 -> 4.849441 2.123127
3.207626 -2.179783 -> 4.849353 2.122899
0.185961 -1.850092 -> 4.849244 2.122869
15.477309 -2.614474 -> 4.849471 2.122941
1.562433 -2.030319 -> 4.849304 2.122884
13.648835 -2.047366 -> 4.849495 2.122734
11.108400 -2.643620 -> 4.849597 2.121882
5.330045 -2.900415 -> 4.849451 2.122355
9.509531 -1.717139 -> 4.849540 2.122326
7.980862 -1.898827 -> 4.849593 2.121723
5.297696 -2.105816 -> 4.849416 2.122807
5.462788 -3.087209 -> 4.849465 2.122230
6.208447 -2.649498 -> 4.849488 2.122247
2.560402 -1.882628 -> 4.849327 2.123041
4.722174 -1.567197 -> 4.849478 2.121546
20.408547 -2.684683 -> 4.849547 2.122294
16.313811 -1.595957 -> 4.849517 2.122550
16.458612 -1.918961 -> 4.849527 2.122461
12.651588 -2.531920 -> 4.849592 2.121931
-2.278897 -1.876046 -> 4.848945 2.123045
7.923465 -1.625289 -> 4.849564 2.121994
1.602786 -2.663676 -> 4.849321 2.122549
9.560197 -2.490312 -> 4.849598 2.121824
1.683475 -2.529383 -> 4.849320 2.122624
12.921351 -2.269704 -> 4.849626 2.121655
6.771847 -2.090341 -> 4.849495 2.122362
3.262853 -2.608840 -> 4.849368 2.122668
2.899752 -2.701207 -> 4.849360 2.122611
-5.555601 -1.960370 -> 4.848438 2.127829
9.840212 -2.641487 -> 4.849447 2.123130
11.754908 -2.617244 -> 4.849479 2.122873
8.594800 -2.629850 -> 4.849496 2.122626
13.348062 -2.546382 -> 4.849475 2.122910
8.951841 -1.674996 -> 4.849479 2.122835
2.944457 -2.190383 -> 4.849347 2.122885
8.039193 -1.137536 -> 4.849534 2.122320
3.786907 -2.153931 -> 4.849368 2.122915
7.988408 -2.601733 -> 4.849449 2.123007
10.470961 -3.203240 -> 4.849530 2.122421
14.085017 -1.384257 -> 4.849527 2.122461
12.296642 -1.808806 -> 4.849517 2.122544
13.157475 -1.783530 -> 4.849649 2.121474
2.026667 -1.648592 -> 4.849316 2.121420
8.423952 -2.045675 -> 4.849455 2.123002
0.360260 -1.808027 -> 4.849251 2.122908
4.744389 -2.007064 -> 4.849392 2.122943
3.846756 -1.999079 -> 4.849364 2.123002
13.685740 -2.382830 -> 4.849504 2.122659
4.190556 -2.207157 -> 4.849382 2.122871
10.561891 -2.105645 -> 4.849497 2.122711
13.133033 -0.889237 -> 4.849604 2.121834
15.323915 -1.927883 -> 4.849459 2.123048
5.478501 -1.080392 -> 4.849493 2.121924
-3.705928 -2.558309 -> 4.848410 2.123593
5.351431 -2.770707 -> 4.849447 2.122419
13.914180 -1.751803 -> 4.849516 2.122552
1.013275 -1.498582 -> 4.849230 2.121430
9.897145 -2.110182 -> 4.849624 2.121642
6.442281 -2.199811 -> 4.849479 2.122432
-2.596128 -1.707613 -> 4.848826 2.123376
11.160633 -1.980163 -> 4.849571 2.122096
9.566862 -1.935990 -> 4.849563 2.122134
13.185482 -2.698844 -> 4.849463 2.123016
0.581294 -2.549517 -> 4.849281 2.122515
8.414032 -1.395995 -> 4.849602 2.121759
12.107382 -2.113193 -> 4.849504 2.122657
8.452864 -1.764746 -> 4.849444 2.123120
2.418196 -2.161460 -> 4.849332 2.122875
2.735407 -2.151387 -> 4.849340 2.122898
4.525235 -2.563941 -> 4.849405 2.122650
-1.492130 -2.539217 -> 4.849128 2.122425
9.110737 -1.851310 -> 4.849504 2.122612
6.639898 -2.442907 -> 4.849506 2.122195
2.044065 -1.898695 -> 4.849314 2.122998
15.202040 -1.928013 -> 4.849452 2.123110
7.612433 -2.037032 -> 4.849564 2.121906
11.988281 -2.524278 -> 4.849502 2.122671
9.188845 -1.458457 -> 4.849488 2.122774
4.564207 -2.258620 -> 4.849395 2.122815
10.570758 -1.941245 -> 4.849490 2.122769
1.133932 -2.341973 -> 4.849298 2.122675
7.820089 -2.160372 -> 4.849596 2.121653
14.510218 -1.387415 -> 4.849574 2.122073
3.509288 -2.378627 -> 4.849368 2.122793
13.620451 -2.568557 -> 4.849500 2.122690
2.063225 -2.361892 -> 4.849328 2.122742
2.993263 -2.224800 -> 4.849349 2.122868
8.221482 -2.168465 -> 4.849446 2.123063
3.122374 -1.364519 -> 4.849368 2.121838
13.869823 -2.340137 -> 4.849521 2.122510
0.943048 -1.821148 -> 4.849277 2.122949
-0.110429 -2.466306 -> 4.849244 2.122500
9.056608 -1.975736 -> 4.849506 2.122589
5.553011 -1.944080 -> 4.849420 2.122855
20.173925 -2.359599 -> 4.849534 2.122406
6.691955 -1.973840 -> 4.849483 2.122476
8.069054 -1.855851 -> 4.849601 2.121681
7.462837 -3.013561 -> 4.849432 2.123104
16.602733 -2.064709 -> 4.849537 2.122380
16.786139 -2.416062 -> 4.849550 2.122271
9.539722 -1.663349 -> 4.849540 2.122330
6.837171 -2.347977 -> 4.849515 2.122161
-2.548644 -1.301269 -> 4.848075 2.122549
12.123972 -1.698991 -> 4.849492 2.122762
-9.178216 9.770318 -> -3.690803 6.019758
-2.510536 4.158946 -> -3.686299 6.014189
0.169499 9.582941 -> -3.685462 6.013322
-4.919813 9.695279 -> -3.691605 6.021007
-1.463380 4.598286 -> 4.848150 2.128717
-2.497594 8.681510 -> -3.691052 6.020772
-2.108863 1.250969 -> 4.848130 2.127127
-4.723874 8.422523 -> -3.690950 6.020055
-0.394219 8.422792 -> -3.685739 6.013662
-2.731148 -0.118524 -> 4.848222 2.125910
-5.725150 4.005214 -> -3.687333 6.014043
-7.226931 8.179777 -> -3.691226 6.020259
-4.500376 7.775124 -> -3.691625 6.020961
-2.363326 3.556618 -> -3.685339 6.013081
-1.964849 3.457799 -> 4.848713 2.127282
-5.570206 5.162310 -> -3.690820 6.017914
-7.801689 5.720855 -> -3.690960 6.019397
-0.476519 11.108535 -> -3.688642 6.019474
-5.185242 3.181713 -> -3.686203 6.013664
-4.558486 8.850022 -> -3.691140 6.020350
-1.501535 10.341092 -> -3.690534 6.020070
-4.308979 6.188363 -> -3.691344 6.020056
-2.728712 7.463011 -> -3.690611 6.021433
-4.800114 3.440329 -> -3.686092 6.013584
-5.883924 1.782655 -> -3.685701 6.013168
-5.731409 4.130645 -> -3.687471 6.012875
-2.481033 6.652577 -> -3.685966 6.014598
-3.145593 7.298268 -> -3.690663 6.020212
-3.425825 1.915506 -> -3.685695 6.013485
-2.910634 9.052843 -> -3.690733 6.019976
-8.571037 7.759829 -> -3.691203 6.020137
-2.967306 5.424559 -> -3.686257 6.014142
-6.278453 9.080688 -> -3.691514 6.020757
-2.770949 4.307588 -> -3.685261 6.012955
-2.772399 12.910869 -> -3.691084 6.020446
-4.807733 6.967582 -> -3.690971 6.019931
-6.739874 6.563180 -> -3.691375 6.020168
-4.727985 11.855630 -> -3.691047 6.020271
-6.904199 7.194544 -> -3.691950 6.021010
-8.429072 9.010930 -> -3.691720 6.020919
-1.790875 10.212855 -> -3.690751 6.020271
-3.773960 7.376650 -> -3.690734 6.019852
0.898671 2.440658 -> 4.847931 2.126538
-5.922390 4.995666 -> -3.690956 6.017796
-6.248050 5.989345 -> -3.691946 6.020461
-3.935429 4.807173 -> -3.686385 6.013993
-4.880540 9.674287 -> -3.691590 6.020988
-3.585351 6.025407 -> -3.685300 6.014634
-1.803683 2.326367 -> 4.848526 2.127261
-3.701939 4.622545 -> -3.686368 6.014117
-6.699175 4.864738 -> -3.691785 6.018424
-4.324572 7.981484 -> -3.691736 6.021168
-4.025196 4.563292 -> -3.685951 6.013413
-3.473562 7.435803 -> -3.691599 6.021317
-3.923088 8.242589 -> -3.690628 6.019678
-6.036712 -0.432394 -> -3.686380 6.014252
-6.891338 1.208053 -> -3.685835 6.013265
-5.294247 8.336277 -> -3.691018 6.020101
-3.758609 1.883274 -> -3.686184 6.014042
-3.815822 7.802086 -> -3.691257 6.020593
-2.861306 7.838777 -> -3.691297 6.021352
-5.137576 4.505496 -> -3.687298 6.013254
-4.411319 5.279116 -> -3.688190 6.014221
-6.771853 1.139706 -> -3.685582 6.012964
-7.182203 5.442276 -> -3.691721 6.019794
-4.449233 10.120604 -> -3.691718 6.021222
-8.360202 -2.638418 -> -3.685627 6.013349
-2.569117 5.841078 -> -3.685984 6.013913
-4.045754 11.308848 -> -3.690862 6.020031
-5.142735 9.996394 -> -3.691765 6.021229
-6.425602 7.977973 -> -3.691022 6.020014
-1.680582 5.757283 -> -3.685544 6.013345
-5.960855 3.873455 -> -3.687377 6.013994
-4.399071 3.323538 -> -3.686259 6.013964
-2.760741 5.960095 -> -3.685899 6.013891
-0.979270 0.819755 -> 4.847770 2.124030
-4.861711 5.715822 -> -3.691111 6.019069
-3.570387 4.020191 -> -3.685874 6.013583
-4.345639 9.392385 -> -3.691368 6.020708
-5.634838 4.171841 -> -3.687374 6.012835
-6.414234 5.054699 -> -3.691909 6.018841
-4.747871 11.171035 -> -3.690887 6.020034
-5.317115 4.185812 -> -3.687064 6.013881
-7.094217 5.308257 -> -3.691458 6.019424
-1.421282 2.542121 -> 4.848295 2.127551
-7.156953 10.570388 -> -3.690883 6.019938
-2.114951 4.529697 -> -3.685258 6.012989
-1.075428 4.970554 -> 4.848225 2.128571
-3.399360 8.092742 -> -3.691267 6.020733
-2.521521 8.947561 -> -3.691411 6.021275
-5.505358 5.631649 -> -3.692115 6.019948
-0.724406 0.866737 -> 4.848024 2.123827
-6.260009 5.748397 -> -3.691575 6.019893
-3.348357 6.791269 -> -3.690509 6.020182
-3.024337 8.421957 -> -3.691317 6.020934
-0.158154 8.735985 -> -3.686008 6.013929
-3.957053 5.440831 -> -3.686294 6.012822
-9.066833 1.655388 -> -3.686155 6.012513
-6.333833 2.642014 -> -3.686632 6.014061
-5.698356 6.326707 -> -3.692072 6.020865
-1.853398 0.108587 -> 4.848205 2.124380
-2.200994 6.284627 -> -3.685750 6.013739
-4.530154 7.376993 -> -3.691245 6.020394
-1.873742 3.642755 -> 4.848690 2.127351
-2.474782 8.283560 -> -3.690463 6.019955
-6.185854 6.377677 -> -3.691012 6.019722
-6.393447 7.271492 -> -3.691872 6.020971
-5.550047 5.944996 -> -3.691319 6.019790
-6.606773 5.891867 -> -3.692037 6.020471
-4.016148 1.292409 -> -3.685116 6.012799
-4.903520 5.079796 -> -3.689525 6.014940
-5.929848 5.736356 -> -3.691295 6.019598
-1.700114 8.063466 -> -3.686233 6.018089
-4.264462 6.640628 -> -3.691180 6.020211
-2.281212 9.376068 -> -3.690571 6.019878
-3.498380 5.214232 -> -3.686270 6.014016
-2.696536 10.104513 -> -3.691257 6.020774
-3.582108 7.169159 -> -3.691226 6.020699
-2.834215 9.985890 -> -3.691250 6.020738
-4.943548 7.461297 -> -3.691530 6.020723
-4.305254 3.703032 -> -3.685675 6.013153
-4.674579 2.220516 -> -3.685853 6.013533
-1.944680 6.206763 -> -3.685643 6.013537
-1.881269 6.463982 -> -3.686091 6.014078
-5.601965 7.848681 -> -3.690819 6.019783
-3.981477 7.674633 -> -3.691230 6.020509
-4.169242 10.301457 -> -3.690611 6.019658
-5.569697 4.430809 -> -3.688247 6.014141
-2.261849 4.576086 -> -3.686301 6.014197
-2.666824 6.664230 -> -3.685993 6.015279
-5.242203 9.542542 -> -3.691584 6.020946
-2.649364 4.683296 -> -3.685798 6.013594
-3.241146 4.628414 -> -3.686312 6.014147
-5.356465 4.657844 -> -3.688568 6.014818
-1.854137 4.887939 -> -3.686107 6.013976
-5.146081 2.604932 -> -3.686170 6.013793
-6.215808 3.430549 -> -3.686554 6.012761
-3.701946 10.189432 -> -3.691607 6.021140
-7.494528 5.430819 -> -3.691889 6.019952
-4.470955 6.747838 -> -3.691641 6.020780
-3.374813 7.719133 -> -3.690799 6.020069
-3.597825 8.279852 -> -3.691616 6.021182
-4.112061 8.357033 -> -3.690758 6.019842
-3.424694 4.154064 -> -3.685778 6.013486
-2.887388 9.979227 -> -3.691267 6.020754
-4.492276 16.248776 -> -3.690869 6.020053
-4.217011 0.432768 -> -3.686211 6.014094
-5.625574 3.721640 -> -3.686293 6.012690
-5.192687 8.408082 -> -3.691037 6.020137
-4.777458 11.056540 -> -3.690861 6.019994
